0800000000000000
0800070000000000
0800000000000000
0000000000000000
0800000000000000
0800150000000000
0800000000000000
0000000000000000
0000130000000000
0000000000000000
0000120000000000
0000000000000000
00001a0000000000
0000000000000000
0000080000000000
0000000000000000
0000150000000000
0000000000000000
0000160000000000
0000000000000000
00000b0000000000
0000000000000000
0000080000000000
0000000000000000
00000f0000000000
0000000000000000
00000f0000000000
0000000000000000
00002c0000000000
0000000000000000
0200000000000000
0200160000000000
0200000000000000
0000000000000000
0000170000000000
0000000000000000
0000040000000000
0000000000000000
0000150000000000
0000000000000000
0000170000000000
0000000000000000
00002d0000000000
0000000000000000
0200000000000000
0200130000000000
0200000000000000
0000000000000000
0000150000000000
0000000000000000
0000120000000000
0000000000000000
0000060000000000
0000000000000000
0000080000000000
0000000000000000
0000160000000000
0000000000000000
0000160000000000
0000000000000000
00002c0000000000
0000000000000000
0000130000000000
0000000000000000
0000120000000000
0000000000000000
00001a0000000000
0000000000000000
0000080000000000
0000000000000000
0000150000000000
0000000000000000
0000160000000000
0000000000000000
00000b0000000000
0000000000000000
0000080000000000
0000000000000000
00000f0000000000
0000000000000000
00000f0000000000
0000000000000000
00002c0000000000
0000000000000000
00002d0000000000
0000000000000000
0200000000000000
0200190000000000
0200000000000000
0000000000000000
0000080000000000
0000000000000000
0000150000000000
0000000000000000
0000050000000000
0000000000000000
00002c0000000000
0000000000000000
0000150000000000
0000000000000000
0000180000000000
0000000000000000
0000110000000000
0000000000000000
0200000000000000
0200040000000000
0200000000000000
0000000000000000
0000160000000000
0000000000000000
0000280000000000
0000000000000000
0000500000000000
0000000000000000
0000280000000000
0000000000000000
0200000000000000
02001a0000000000
0200000000000000
0000000000000000
0000150000000000
0000000000000000
00000c0000000000
0000000000000000
0000170000000000
0000000000000000
0000080000000000
0000000000000000
00002d0000000000
0000000000000000
0200000000000000
02000b0000000000
0200000000000000
0000000000000000
0000120000000000
0000000000000000
0000160000000000
0000000000000000
0000170000000000
0000000000000000
00002c0000000000
0000000000000000
0200000000000000
0200340000000000
0200000000000000
0000000000000000
0200000000000000
0200090000000000
0200000000000000
0000000000000000
00000f0000000000
0000000000000000
0000040000000000
0000000000000000
00000a0000000000
0000000000000000
0200000000000000
0200330000000000
0200000000000000
0000000000000000
00002c0000000000
0000000000000000
0000130000000000
0000000000000000
00001a0000000000
0000000000000000
0000110000000000
0000000000000000
0200000000000000
02002f0000000000
0200000000000000
0000000000000000
00000b0000000000
0000000000000000
0000270000000000
0000000000000000
0000170000000000
0000000000000000
0000130000000000
0000000000000000
00000f0000000000
0000000000000000
0000180000000000
0000000000000000
00000a0000000000
0000000000000000
0200000000000000
02002d0000000000
0200000000000000
0000000000000000
0000040000000000
0000000000000000
0000170000000000
0000000000000000
0000170000000000
0000000000000000
0000210000000000
0000000000000000
0000060000000000
0000000000000000
00000e0000000000
0000000000000000
0000220000000000
0000000000000000
0200000000000000
02002d0000000000
0200000000000000
0000000000000000
00000a0000000000
0000000000000000
0000270000000000
0000000000000000
0200000000000000
02002d0000000000
0200000000000000
0000000000000000
00000b0000000000
0000000000000000
0000210000000000
0000000000000000
0000150000000000
0000000000000000
0000070000000000
0000000000000000
0200000000000000
0200300000000000
0200000000000000
0000000000000000
0200000000000000
0200340000000000
0200000000000000
0000000000000000
0000280000000000
0000000000000000
0200000000000000
0200060000000000
0200000000000000
0000000000000000
0200000000000000
0200330000000000
0200000000000000
0000000000000000
0000310000000000
0000000000000000
0200000000000000
02001a0000000000
0200000000000000
0000000000000000
00000c0000000000
0000000000000000
0000110000000000
0000000000000000
0000070000000000
0000000000000000
0000120000000000
0000000000000000
00001a0000000000
0000000000000000
0000160000000000
0000000000000000
0000310000000000
0000000000000000
0200000000000000
0200160000000000
0200000000000000
0000000000000000
00001c0000000000
0000000000000000
0000160000000000
0000000000000000
0000170000000000
0000000000000000
0000080000000000
0000000000000000
0000100000000000
0000000000000000
0000200000000000
0000000000000000
00001f0000000000
0000000000000000
0000310000000000
0000000000000000
0000150000000000
0000000000000000
0000080000000000
0000000000000000
00000a0000000000
0000000000000000
00002c0000000000
0000000000000000
0000160000000000
0000000000000000
0000040000000000
0000000000000000
0000190000000000
0000000000000000
0000080000000000
0000000000000000
00002c0000000000
0000000000000000
0200000000000000
02000b0000000000
0200000000000000
0000000000000000
0200000000000000
02000e0000000000
0200000000000000
0000000000000000
0200000000000000
02000f0000000000
0200000000000000
0000000000000000
0200000000000000
0200100000000000
0200000000000000
0000000000000000
0000310000000000
0000000000000000
0200000000000000
0200160000000000
0200000000000000
0000000000000000
0200000000000000
0200040000000000
0200000000000000
0000000000000000
0200000000000000
0200100000000000
0200000000000000
0000000000000000
00002c0000000000
0000000000000000
0000160000000000
0000000000000000
0000040000000000
0000000000000000
0000100000000000
0000000000000000
00002c0000000000
0000000000000000
0000380000000000
0000000000000000
00001c0000000000
0000000000000000
0000330000000000
0000000000000000
00002c0000000000
0000000000000000
0200000000000000
0200060000000000
0200000000000000
0000000000000000
0200000000000000
0200330000000000
0200000000000000
0000000000000000
0000310000000000
0000000000000000
0200000000000000
02001a0000000000
0200000000000000
0000000000000000
00000c0000000000
0000000000000000
0000110000000000
0000000000000000
0000070000000000
0000000000000000
0000120000000000
0000000000000000
00001a0000000000
0000000000000000
0000160000000000
0000000000000000
0000310000000000
0000000000000000
0200000000000000
0200160000000000
0200000000000000
0000000000000000
00001c0000000000
0000000000000000
0000160000000000
0000000000000000
0000170000000000
0000000000000000
0000080000000000
0000000000000000
0000100000000000
0000000000000000
0000200000000000
0000000000000000
00001f0000000000
0000000000000000
0000310000000000
0000000000000000
0000150000000000
0000000000000000
0000080000000000
0000000000000000
00000a0000000000
0000000000000000
00002c0000000000
0000000000000000
0000160000000000
0000000000000000
0000040000000000
0000000000000000
0000190000000000
0000000000000000
0000080000000000
0000000000000000
00002c0000000000
0000000000000000
0200000000000000
02000b0000000000
0200000000000000
0000000000000000
0200000000000000
02000e0000000000
0200000000000000
0000000000000000
0200000000000000
02000f0000000000
0200000000000000
0000000000000000
0200000000000000
0200100000000000
0200000000000000
0000000000000000
0000310000000000
0000000000000000
0200000000000000
0200160000000000
0200000000000000
0000000000000000
0200000000000000
02001c0000000000
0200000000000000
0000000000000000
0200000000000000
0200160000000000
0200000000000000
0000000000000000
0200000000000000
0200170000000000
0200000000000000
0000000000000000
0200000000000000
0200080000000000
0200000000000000
0000000000000000
0200000000000000
0200100000000000
0200000000000000
0000000000000000
00002c0000000000
0000000000000000
0000160000000000
0000000000000000
00001c0000000000
0000000000000000
0000160000000000
0000000000000000
0000170000000000
0000000000000000
0000080000000000
0000000000000000
0000100000000000
0000000000000000
00002c0000000000
0000000000000000
0000380000000000
0000000000000000
00001c0000000000
0000000000000000
0000330000000000
0000000000000000
00002c0000000000
0000000000000000
0200000000000000
0200040000000000
0200000000000000
0000000000000000
0000070000000000
0000000000000000
0000070000000000
0000000000000000
00002d0000000000
0000000000000000
0200000000000000
0200170000000000
0200000000000000
0000000000000000
00001c0000000000
0000000000000000
0000130000000000
0000000000000000
0000080000000000
0000000000000000
00002c0000000000
0000000000000000
00002d0000000000
0000000000000000
0200000000000000
0200040000000000
0200000000000000
0000000000000000
0000160000000000
0000000000000000
0000160000000000
0000000000000000
0000080000000000
0000000000000000
0000100000000000
0000000000000000
0000050000000000
0000000000000000
00000f0000000000
0000000000000000
00001c0000000000
0000000000000000
0200000000000000
0200110000000000
0200000000000000
0000000000000000
0000040000000000
0000000000000000
0000100000000000
0000000000000000
0000080000000000
0000000000000000
00002c0000000000
0000000000000000
0200000000000000
0200340000000000
0200000000000000
0000000000000000
0200000000000000
0200160000000000
0200000000000000
0000000000000000
00001c0000000000
0000000000000000
0000160000000000
0000000000000000
0000170000000000
0000000000000000
0000080000000000
0000000000000000
0000100000000000
0000000000000000
0000370000000000
0000000000000000
0200000000000000
0200110000000000
0200000000000000
0000000000000000
0000080000000000
0000000000000000
0000170000000000
0000000000000000
0000370000000000
0000000000000000
0200000000000000
02000b0000000000
0200000000000000
0000000000000000
0000170000000000
0000000000000000
0000170000000000
0000000000000000
0000130000000000
0000000000000000
0200000000000000
0200340000000000
0200000000000000
0000000000000000
0000330000000000
0000000000000000
00002c0000000000
0000000000000000
0200000000000000
0200210000000000
0200000000000000
0000000000000000
00001a0000000000
0000000000000000
0000080000000000
0000000000000000
0000050000000000
0000000000000000
00000b0000000000
0000000000000000
0000120000000000
0000000000000000
0000120000000000
0000000000000000
00000e0000000000
0000000000000000
0200000000000000
0200180000000000
0200000000000000
0000000000000000
0000150000000000
0000000000000000
00000f0000000000
0000000000000000
00002c0000000000
0000000000000000
00002e0000000000
0000000000000000
00002c0000000000
0000000000000000
0200000000000000
0200340000000000
0200000000000000
0000000000000000
00000b0000000000
0000000000000000
0000170000000000
0000000000000000
0000170000000000
0000000000000000
0000130000000000
0000000000000000
0000160000000000
0000000000000000
0200000000000000
0200330000000000
0200000000000000
0000000000000000
0000380000000000
0000000000000000
0000380000000000
0000000000000000
0000060000000000
0000000000000000
0000040000000000
0000000000000000
0000110000000000
0000000000000000
0000040000000000
0000000000000000
0000150000000000
0000000000000000
00001c0000000000
0000000000000000
0000370000000000
0000000000000000
0000070000000000
0000000000000000
00000c0000000000
0000000000000000
0000160000000000
0000000000000000
0000060000000000
0000000000000000
0000120000000000
0000000000000000
0000150000000000
0000000000000000
0000070000000000
0000000000000000
0000370000000000
0000000000000000
0000060000000000
0000000000000000
0000120000000000
0000000000000000
0000100000000000
0000000000000000
0000380000000000
0000000000000000
0000040000000000
0000000000000000
0000130000000000
0000000000000000
00000c0000000000
0000000000000000
0000380000000000
0000000000000000
00001a0000000000
0000000000000000
0000080000000000
0000000000000000
0000050000000000
0000000000000000
00000b0000000000
0000000000000000
0000120000000000
0000000000000000
0000120000000000
0000000000000000
00000e0000000000
0000000000000000
0000160000000000
0000000000000000
0000380000000000
0000000000000000
00001e0000000000
0000000000000000
0000200000000000
0000000000000000
00001e0000000000
0000000000000000
0000260000000000
0000000000000000
0000230000000000
0000000000000000
0000220000000000
0000000000000000
0000210000000000
0000000000000000
00001f0000000000
0000000000000000
0000200000000000
0000000000000000
0000230000000000
0000000000000000
00001f0000000000
0000000000000000
0000250000000000
0000000000000000
0000240000000000
0000000000000000
0000230000000000
0000000000000000
0000230000000000
0000000000000000
0000210000000000
0000000000000000
00001f0000000000
0000000000000000
0000210000000000
0000000000000000
0000250000000000
0000000000000000
0000380000000000
0000000000000000
0200000000000000
0200150000000000
0200000000000000
0000000000000000
0200000000000000
02002d0000000000
0200000000000000
0000000000000000
0200000000000000
0200100000000000
0200000000000000
0000000000000000
0200000000000000
0200170000000000
0200000000000000
0000000000000000
0200000000000000
02001a0000000000
0200000000000000
0000000000000000
0000060000000000
0000000000000000
0000040000000000
0000000000000000
00000b0000000000
0000000000000000
0000150000000000
0000000000000000
0000070000000000
0000000000000000
0000100000000000
0000000000000000
0200000000000000
0200160000000000
0200000000000000
0000000000000000
0000060000000000
0000000000000000
0200000000000000
02000e0000000000
0200000000000000
0000000000000000
0000270000000000
0000000000000000
0000210000000000
0000000000000000
0000090000000000
0000000000000000
0200000000000000
02000e0000000000
0200000000000000
0000000000000000
0000120000000000
0000000000000000
0200000000000000
0200190000000000
0200000000000000
0000000000000000
0000070000000000
0000000000000000
0000200000000000
0000000000000000
0000250000000000
0000000000000000
0200000000000000
0200180000000000
0200000000000000
0000000000000000
0000200000000000
0000000000000000
00000b0000000000
0000000000000000
0200000000000000
0200090000000000
0200000000000000
0000000000000000
0000230000000000
0000000000000000
0000260000000000
0000000000000000
0200000000000000
02000e0000000000
0200000000000000
0000000000000000
0200000000000000
0200160000000000
0200000000000000
0000000000000000
0000040000000000
0000000000000000
0200000000000000
0200050000000000
0200000000000000
0000000000000000
0000270000000000
0000000000000000
0200000000000000
0200070000000000
0200000000000000
0000000000000000
0200000000000000
0200060000000000
0200000000000000
0000000000000000
0200000000000000
02000a0000000000
0200000000000000
0000000000000000
0000110000000000
0000000000000000
0200000000000000
0200100000000000
0200000000000000
0000000000000000
0200000000000000
0200130000000000
0200000000000000
0000000000000000
00000d0000000000
0000000000000000
0200000000000000
02001b0000000000
0200000000000000
0000000000000000
00001c0000000000
0000000000000000
0000150000000000
0000000000000000
0000220000000000
0000000000000000
0000110000000000
0000000000000000
0200000000000000
02000c0000000000
0200000000000000
0000000000000000
0200000000000000
02001b0000000000
0200000000000000
0000000000000000
00000b0000000000
0000000000000000
0000090000000000
0000000000000000
0000080000000000
0000000000000000
0200000000000000
0200120000000000
0200000000000000
0000000000000000
00001f0000000000
0000000000000000
0000260000000000
0000000000000000
00000d0000000000
0000000000000000
0000200000000000
0000000000000000
0000160000000000
0000000000000000
00001a0000000000
0000000000000000
0200000000000000
0200050000000000
0200000000000000
0000000000000000
0000110000000000
0000000000000000
00002d0000000000
0000000000000000
0000250000000000
0000000000000000
0000140000000000
0000000000000000
0200000000000000
02000e0000000000
0200000000000000
0000000000000000
0000200000000000
0000000000000000
0200000000000000
02000f0000000000
0200000000000000
0000000000000000
0000270000000000
0000000000000000
0200000000000000
0200130000000000
0200000000000000
0000000000000000
0200000000000000
0200340000000000
0200000000000000
0000000000000000
0000330000000000
0000000000000000
00002c0000000000
0000000000000000
0200000000000000
0200210000000000
0200000000000000
0000000000000000
0000060000000000
0000000000000000
00000f0000000000
0000000000000000
00000c0000000000
0000000000000000
0000080000000000
0000000000000000
0000110000000000
0000000000000000
0000170000000000
0000000000000000
00002c0000000000
0000000000000000
00002e0000000000
0000000000000000
00002c0000000000
0000000000000000
0200000000000000
0200110000000000
0200000000000000
0000000000000000
0000080000000000
0000000000000000
00001a0000000000
0000000000000000
00002d0000000000
0000000000000000
0200000000000000
0200120000000000
0200000000000000
0000000000000000
0000050000000000
0000000000000000
00000d0000000000
0000000000000000
0000080000000000
0000000000000000
0000060000000000
0000000000000000
0000170000000000
0000000000000000
00002c0000000000
0000000000000000
0200000000000000
0200160000000000
0200000000000000
0000000000000000
00001c0000000000
0000000000000000
0000160000000000
0000000000000000
0000170000000000
0000000000000000
0000080000000000
0000000000000000
0000100000000000
0000000000000000
0000370000000000
0000000000000000
0200000000000000
0200110000000000
0200000000000000
0000000000000000
0000080000000000
0000000000000000
0000170000000000
0000000000000000
0000370000000000
0000000000000000
0200000000000000
02000b0000000000
0200000000000000
0000000000000000
0000170000000000
0000000000000000
0000170000000000
0000000000000000
0000130000000000
0000000000000000
0000370000000000
0000000000000000
0200000000000000
02000b0000000000
0200000000000000
0000000000000000
0000170000000000
0000000000000000
0000170000000000
0000000000000000
0000130000000000
0000000000000000
0200000000000000
0200060000000000
0200000000000000
0000000000000000
00000f0000000000
0000000000000000
00000c0000000000
0000000000000000
0000080000000000
0000000000000000
0000110000000000
0000000000000000
0000170000000000
0000000000000000
0000330000000000
0000000000000000
00002c0000000000
0000000000000000
0200000000000000
0200210000000000
0200000000000000
0000000000000000
0000090000000000
0000000000000000
00000c0000000000
0000000000000000
00000f0000000000
0000000000000000
0000080000000000
0000000000000000
0200000000000000
0200160000000000
0200000000000000
0000000000000000
0000170000000000
0000000000000000
0000150000000000
0000000000000000
0000080000000000
0000000000000000
0000040000000000
0000000000000000
0000100000000000
0000000000000000
00001e0000000000
0000000000000000
00002c0000000000
0000000000000000
00002e0000000000
0000000000000000
00002c0000000000
0000000000000000
00002f0000000000
0000000000000000
0200000000000000
0200160000000000
0200000000000000
0000000000000000
00001c0000000000
0000000000000000
0000160000000000
0000000000000000
0000170000000000
0000000000000000
0000080000000000
0000000000000000
0000100000000000
0000000000000000
0000370000000000
0000000000000000
0200000000000000
02000c0000000000
0200000000000000
0000000000000000
0200000000000000
0200120000000000
0200000000000000
0000000000000000
0000370000000000
0000000000000000
0200000000000000
0200090000000000
0200000000000000
0000000000000000
00000c0000000000
0000000000000000
00000f0000000000
0000000000000000
0000080000000000
0000000000000000
0000300000000000
0000000000000000
0200000000000000
0200330000000000
0200000000000000
0000000000000000
0200000000000000
0200330000000000
0200000000000000
0000000000000000
0200000000000000
0200120000000000
0200000000000000
0000000000000000
0000130000000000
0000000000000000
0000080000000000
0000000000000000
0000110000000000
0000000000000000
0200000000000000
0200150000000000
0200000000000000
0000000000000000
0000080000000000
0000000000000000
0000040000000000
0000000000000000
0000070000000000
0000000000000000
0200000000000000
0200260000000000
0200000000000000
0000000000000000
0200000000000000
0200340000000000
0200000000000000
0000000000000000
0000160000000000
0000000000000000
0000040000000000
0000000000000000
0000100000000000
0000000000000000
0200000000000000
0200340000000000
0200000000000000
0000000000000000
0200000000000000
0200270000000000
0200000000000000
0000000000000000
0000330000000000
0000000000000000
00002c0000000000
0000000000000000
0200000000000000
0200210000000000
0200000000000000
0000000000000000
0000090000000000
0000000000000000
00000c0000000000
0000000000000000
00000f0000000000
0000000000000000
0000080000000000
0000000000000000
0200000000000000
0200060000000000
0200000000000000
0000000000000000
0000120000000000
0000000000000000
0000110000000000
0000000000000000
0000170000000000
0000000000000000
0000080000000000
0000000000000000
0000110000000000
0000000000000000
0000170000000000
0000000000000000
00001e0000000000
0000000000000000
00002c0000000000
0000000000000000
00002e0000000000
0000000000000000
00002c0000000000
0000000000000000
0200000000000000
0200110000000000
0200000000000000
0000000000000000
0000080000000000
0000000000000000
00001a0000000000
0000000000000000
00002d0000000000
0000000000000000
0200000000000000
0200120000000000
0200000000000000
0000000000000000
0000050000000000
0000000000000000
00000d0000000000
0000000000000000
0000080000000000
0000000000000000
0000060000000000
0000000000000000
0000170000000000
0000000000000000
00002c0000000000
0000000000000000
0200000000000000
0200160000000000
0200000000000000
0000000000000000
00001c0000000000
0000000000000000
0000160000000000
0000000000000000
0000170000000000
0000000000000000
0000080000000000
0000000000000000
0000100000000000
0000000000000000
0000370000000000
0000000000000000
0200000000000000
0200110000000000
0200000000000000
0000000000000000
0000080000000000
0000000000000000
0000170000000000
0000000000000000
0000370000000000
0000000000000000
0200000000000000
02000b0000000000
0200000000000000
0000000000000000
0000170000000000
0000000000000000
0000170000000000
0000000000000000
0000130000000000
0000000000000000
0000370000000000
0000000000000000
0200000000000000
0200160000000000
0200000000000000
0000000000000000
0000170000000000
0000000000000000
0000150000000000
0000000000000000
0000080000000000
0000000000000000
0000040000000000
0000000000000000
0000100000000000
0000000000000000
0200000000000000
0200060000000000
0200000000000000
0000000000000000
0000120000000000
0000000000000000
0000110000000000
0000000000000000
0000170000000000
0000000000000000
0000080000000000
0000000000000000
0000110000000000
0000000000000000
0000170000000000
0000000000000000
0200000000000000
0200260000000000
0200000000000000
0000000000000000
0200000000000000
0200210000000000
0200000000000000
0000000000000000
0000090000000000
0000000000000000
00000c0000000000
0000000000000000
00000f0000000000
0000000000000000
0000080000000000
0000000000000000
0200000000000000
0200160000000000
0200000000000000
0000000000000000
0000170000000000
0000000000000000
0000150000000000
0000000000000000
0000080000000000
0000000000000000
0000040000000000
0000000000000000
0000100000000000
0000000000000000
00001e0000000000
0000000000000000
0200000000000000
0200270000000000
0200000000000000
0000000000000000
0000330000000000
0000000000000000
00002c0000000000
0000000000000000
0200000000000000
0200210000000000
0200000000000000
0000000000000000
0000060000000000
0000000000000000
0000120000000000
0000000000000000
0000110000000000
0000000000000000
0000170000000000
0000000000000000
0000080000000000
0000000000000000
0000110000000000
0000000000000000
0000170000000000
0000000000000000
00001e0000000000
0000000000000000
00002c0000000000
0000000000000000
00002e0000000000
0000000000000000
00002c0000000000
0000000000000000
0200000000000000
0200110000000000
0200000000000000
0000000000000000
0000080000000000
0000000000000000
00001a0000000000
0000000000000000
00002d0000000000
0000000000000000
0200000000000000
0200120000000000
0200000000000000
0000000000000000
0000050000000000
0000000000000000
00000d0000000000
0000000000000000
0000080000000000
0000000000000000
0000060000000000
0000000000000000
0000170000000000
0000000000000000
00002c0000000000
0000000000000000
0200000000000000
0200160000000000
0200000000000000
0000000000000000
00001c0000000000
0000000000000000
0000160000000000
0000000000000000
0000170000000000
0000000000000000
0000080000000000
0000000000000000
0000100000000000
0000000000000000
0000370000000000
0000000000000000
0200000000000000
0200110000000000
0200000000000000
0000000000000000
0000080000000000
0000000000000000
0000170000000000
0000000000000000
0000370000000000
0000000000000000
0200000000000000
02000b0000000000
0200000000000000
0000000000000000
0000170000000000
0000000000000000
0000170000000000
0000000000000000
0000130000000000
0000000000000000
0000370000000000
0000000000000000
0200000000000000
0200100000000000
0200000000000000
0000000000000000
0000180000000000
0000000000000000
00000f0000000000
0000000000000000
0000170000000000
0000000000000000
00000c0000000000
0000000000000000
0000130000000000
0000000000000000
0000040000000000
0000000000000000
0000150000000000
0000000000000000
0000170000000000
0000000000000000
0200000000000000
0200090000000000
0200000000000000
0000000000000000
0000120000000000
0000000000000000
0000150000000000
0000000000000000
0000100000000000
0000000000000000
0200000000000000
0200070000000000
0200000000000000
0000000000000000
0000040000000000
0000000000000000
0000170000000000
0000000000000000
0000040000000000
0000000000000000
0200000000000000
0200060000000000
0200000000000000
0000000000000000
0000120000000000
0000000000000000
0000110000000000
0000000000000000
0000170000000000
0000000000000000
0000080000000000
0000000000000000
0000110000000000
0000000000000000
0000170000000000
0000000000000000
0000330000000000
0000000000000000
00002c0000000000
0000000000000000
0200000000000000
0200210000000000
0200000000000000
0000000000000000
0000060000000000
0000000000000000
0000120000000000
0000000000000000
0000110000000000
0000000000000000
0000170000000000
0000000000000000
0000080000000000
0000000000000000
0000110000000000
0000000000000000
0000170000000000
0000000000000000
00001e0000000000
0000000000000000
0000370000000000
0000000000000000
0200000000000000
0200040000000000
0200000000000000
0000000000000000
0000070000000000
0000000000000000
0000070000000000
0000000000000000
0200000000000000
0200260000000000
0200000000000000
0000000000000000
0200000000000000
0200210000000000
0200000000000000
0000000000000000
0000090000000000
0000000000000000
00000c0000000000
0000000000000000
00000f0000000000
0000000000000000
0000080000000000
0000000000000000
0200000000000000
0200060000000000
0200000000000000
0000000000000000
0000120000000000
0000000000000000
0000110000000000
0000000000000000
0000170000000000
0000000000000000
0000080000000000
0000000000000000
0000110000000000
0000000000000000
0000170000000000
0000000000000000
00001e0000000000
0000000000000000
0000360000000000
0000000000000000
00002c0000000000
0000000000000000
0200000000000000
0200340000000000
0200000000000000
0000000000000000
0000090000000000
0000000000000000
00000c0000000000
0000000000000000
00000f0000000000
0000000000000000
0000080000000000
0000000000000000
0200000000000000
0200340000000000
0200000000000000
0000000000000000
0000360000000000
0000000000000000
00002c0000000000
0000000000000000
0200000000000000
0200340000000000
0200000000000000
0000000000000000
0000160000000000
0000000000000000
0000040000000000
0000000000000000
0000100000000000
0000000000000000
0200000000000000
0200340000000000
0200000000000000
0000000000000000
0200000000000000
0200270000000000
0200000000000000
0000000000000000
0000330000000000
0000000000000000
00002c0000000000
0000000000000000
0200000000000000
0200210000000000
0200000000000000
0000000000000000
0000060000000000
0000000000000000
00000f0000000000
0000000000000000
00000c0000000000
0000000000000000
0000080000000000
0000000000000000
0000110000000000
0000000000000000
0000170000000000
0000000000000000
0000370000000000
0000000000000000
0200000000000000
0200130000000000
0200000000000000
0000000000000000
0000120000000000
0000000000000000
0000160000000000
0000000000000000
0000170000000000
0000000000000000
0200000000000000
0200040000000000
0200000000000000
0000000000000000
0000160000000000
0000000000000000
00001c0000000000
0000000000000000
0000110000000000
0000000000000000
0000060000000000
0000000000000000
0200000000000000
0200260000000000
0200000000000000
0000000000000000
0200000000000000
0200210000000000
0200000000000000
0000000000000000
00001a0000000000
0000000000000000
0000080000000000
0000000000000000
0000050000000000
0000000000000000
00000b0000000000
0000000000000000
0000120000000000
0000000000000000
0000120000000000
0000000000000000
00000e0000000000
0000000000000000
0200000000000000
0200180000000000
0200000000000000
0000000000000000
0000150000000000
0000000000000000
00000f0000000000
0000000000000000
0000360000000000
0000000000000000
00002c0000000000
0000000000000000
0200000000000000
0200210000000000
0200000000000000
0000000000000000
0000060000000000
0000000000000000
0000120000000000
0000000000000000
0000110000000000
0000000000000000
0000170000000000
0000000000000000
0000080000000000
0000000000000000
0000110000000000
0000000000000000
0000170000000000
0000000000000000
00001e0000000000
0000000000000000
0200000000000000
0200270000000000
0200000000000000
0000000000000000
0000370000000000
0000000000000000
0200000000000000
0200150000000000
0200000000000000
0000000000000000
0000080000000000
0000000000000000
0000160000000000
0000000000000000
0000180000000000
0000000000000000
00000f0000000000
0000000000000000
0000170000000000
0000000000000000
0000330000000000
0000000000000000
00002c0000000000
0000000000000000
0200000000000000
0200210000000000
0200000000000000
0000000000000000
0000090000000000
0000000000000000
00000c0000000000
0000000000000000
00000f0000000000
0000000000000000
0000080000000000
0000000000000000
0200000000000000
0200160000000000
0200000000000000
0000000000000000
0000170000000000
0000000000000000
0000150000000000
0000000000000000
0000080000000000
0000000000000000
0000040000000000
0000000000000000
0000100000000000
0000000000000000
00001e0000000000
0000000000000000
0000370000000000
0000000000000000
0200000000000000
0200060000000000
0200000000000000
0000000000000000
00000f0000000000
0000000000000000
0000120000000000
0000000000000000
0000160000000000
0000000000000000
0000080000000000
0000000000000000
0200000000000000
0200260000000000
0200000000000000
0000000000000000
0200000000000000
0200270000000000
0200000000000000
0000000000000000
0000330000000000
0000000000000000
00002c0000000000
0000000000000000
0200000000000000
0200210000000000
0200000000000000
0000000000000000
0000090000000000
0000000000000000
00000c0000000000
0000000000000000
00000f0000000000
0000000000000000
0000080000000000
0000000000000000
0200000000000000
0200160000000000
0200000000000000
0000000000000000
0000170000000000
0000000000000000
0000150000000000
0000000000000000
0000080000000000
0000000000000000
0000040000000000
0000000000000000
0000100000000000
0000000000000000
00001f0000000000
0000000000000000
00002c0000000000
0000000000000000
00002e0000000000
0000000000000000
00002c0000000000
0000000000000000
00002f0000000000
0000000000000000
0200000000000000
0200160000000000
0200000000000000
0000000000000000
00001c0000000000
0000000000000000
0000160000000000
0000000000000000
0000170000000000
0000000000000000
0000080000000000
0000000000000000
0000100000000000
0000000000000000
0000370000000000
0000000000000000
0200000000000000
02000c0000000000
0200000000000000
0000000000000000
0200000000000000
0200120000000000
0200000000000000
0000000000000000
0000370000000000
0000000000000000
0200000000000000
0200090000000000
0200000000000000
0000000000000000
00000c0000000000
0000000000000000
00000f0000000000
0000000000000000
0000080000000000
0000000000000000
0000300000000000
0000000000000000
0200000000000000
0200330000000000
0200000000000000
0000000000000000
0200000000000000
0200330000000000
0200000000000000
0000000000000000
0200000000000000
0200120000000000
0200000000000000
0000000000000000
0000130000000000
0000000000000000
0000080000000000
0000000000000000
0000110000000000
0000000000000000
0200000000000000
0200150000000000
0200000000000000
0000000000000000
0000080000000000
0000000000000000
0000040000000000
0000000000000000
0000070000000000
0000000000000000
0200000000000000
0200260000000000
0200000000000000
0000000000000000
0200000000000000
0200340000000000
0200000000000000
0000000000000000
0000160000000000
0000000000000000
00001c0000000000
0000000000000000
0000160000000000
0000000000000000
0000170000000000
0000000000000000
0000080000000000
0000000000000000
0000100000000000
0000000000000000
0200000000000000
0200340000000000
0200000000000000
0000000000000000
0200000000000000
0200270000000000
0200000000000000
0000000000000000
0000330000000000
0000000000000000
00002c0000000000
0000000000000000
0200000000000000
0200210000000000
0200000000000000
0000000000000000
0000090000000000
0000000000000000
00000c0000000000
0000000000000000
00000f0000000000
0000000000000000
0000080000000000
0000000000000000
0200000000000000
0200060000000000
0200000000000000
0000000000000000
0000120000000000
0000000000000000
0000110000000000
0000000000000000
0000170000000000
0000000000000000
0000080000000000
0000000000000000
0000110000000000
0000000000000000
0000170000000000
0000000000000000
00001f0000000000
0000000000000000
00002c0000000000
0000000000000000
00002e0000000000
0000000000000000
00002c0000000000
0000000000000000
0200000000000000
0200110000000000
0200000000000000
0000000000000000
0000080000000000
0000000000000000
00001a0000000000
0000000000000000
00002d0000000000
0000000000000000
0200000000000000
0200120000000000
0200000000000000
0000000000000000
0000050000000000
0000000000000000
00000d0000000000
0000000000000000
0000080000000000
0000000000000000
0000060000000000
0000000000000000
0000170000000000
0000000000000000
00002c0000000000
0000000000000000
0200000000000000
0200160000000000
0200000000000000
0000000000000000
00001c0000000000
0000000000000000
0000160000000000
0000000000000000
0000170000000000
0000000000000000
0000080000000000
0000000000000000
0000100000000000
0000000000000000
0000370000000000
0000000000000000
0200000000000000
0200110000000000
0200000000000000
0000000000000000
0000080000000000
0000000000000000
0000170000000000
0000000000000000
0000370000000000
0000000000000000
0200000000000000
02000b0000000000
0200000000000000
0000000000000000
0000170000000000
0000000000000000
0000170000000000
0000000000000000
0000130000000000
0000000000000000
0000370000000000
0000000000000000
0200000000000000
0200160000000000
0200000000000000
0000000000000000
0000170000000000
0000000000000000
0000150000000000
0000000000000000
0000080000000000
0000000000000000
0000040000000000
0000000000000000
0000100000000000
0000000000000000
0200000000000000
0200060000000000
0200000000000000
0000000000000000
0000120000000000
0000000000000000
0000110000000000
0000000000000000
0000170000000000
0000000000000000
0000080000000000
0000000000000000
0000110000000000
0000000000000000
0000170000000000
0000000000000000
0200000000000000
0200260000000000
0200000000000000
0000000000000000
0200000000000000
0200210000000000
0200000000000000
0000000000000000
0000090000000000
0000000000000000
00000c0000000000
0000000000000000
00000f0000000000
0000000000000000
0000080000000000
0000000000000000
0200000000000000
0200160000000000
0200000000000000
0000000000000000
0000170000000000
0000000000000000
0000150000000000
0000000000000000
0000080000000000
0000000000000000
0000040000000000
0000000000000000
0000100000000000
0000000000000000
00001f0000000000
0000000000000000
0200000000000000
0200270000000000
0200000000000000
0000000000000000
0000330000000000
0000000000000000
00002c0000000000
0000000000000000
0200000000000000
0200210000000000
0200000000000000
0000000000000000
0000060000000000
0000000000000000
0000120000000000
0000000000000000
0000110000000000
0000000000000000
0000170000000000
0000000000000000
0000080000000000
0000000000000000
0000110000000000
0000000000000000
0000170000000000
0000000000000000
00001f0000000000
0000000000000000
00002c0000000000
0000000000000000
00002e0000000000
0000000000000000
00002c0000000000
0000000000000000
0200000000000000
0200110000000000
0200000000000000
0000000000000000
0000080000000000
0000000000000000
00001a0000000000
0000000000000000
00002d0000000000
0000000000000000
0200000000000000
0200120000000000
0200000000000000
0000000000000000
0000050000000000
0000000000000000
00000d0000000000
0000000000000000
0000080000000000
0000000000000000
0000060000000000
0000000000000000
0000170000000000
0000000000000000
00002c0000000000
0000000000000000
0200000000000000
0200160000000000
0200000000000000
0000000000000000
00001c0000000000
0000000000000000
0000160000000000
0000000000000000
0000170000000000
0000000000000000
0000080000000000
0000000000000000
0000100000000000
0000000000000000
0000370000000000
0000000000000000
0200000000000000
0200110000000000
0200000000000000
0000000000000000
0000080000000000
0000000000000000
0000170000000000
0000000000000000
0000370000000000
0000000000000000
0200000000000000
02000b0000000000
0200000000000000
0000000000000000
0000170000000000
0000000000000000
0000170000000000
0000000000000000
0000130000000000
0000000000000000
0000370000000000
0000000000000000
0200000000000000
0200100000000000
0200000000000000
0000000000000000
0000180000000000
0000000000000000
00000f0000000000
0000000000000000
0000170000000000
0000000000000000
00000c0000000000
0000000000000000
0000130000000000
0000000000000000
0000040000000000
0000000000000000
0000150000000000
0000000000000000
0000170000000000
0000000000000000
0200000000000000
0200090000000000
0200000000000000
0000000000000000
0000120000000000
0000000000000000
0000150000000000
0000000000000000
0000100000000000
0000000000000000
0200000000000000
0200070000000000
0200000000000000
0000000000000000
0000040000000000
0000000000000000
0000170000000000
0000000000000000
0000040000000000
0000000000000000
0200000000000000
0200060000000000
0200000000000000
0000000000000000
0000120000000000
0000000000000000
0000110000000000
0000000000000000
0000170000000000
0000000000000000
0000080000000000
0000000000000000
0000110000000000
0000000000000000
0000170000000000
0000000000000000
0000330000000000
0000000000000000
00002c0000000000
0000000000000000
0200000000000000
0200210000000000
0200000000000000
0000000000000000
0000060000000000
0000000000000000
0000120000000000
0000000000000000
0000110000000000
0000000000000000
0000170000000000
0000000000000000
0000080000000000
0000000000000000
0000110000000000
0000000000000000
0000170000000000
0000000000000000
00001f0000000000
0000000000000000
0000370000000000
0000000000000000
0200000000000000
0200040000000000
0200000000000000
0000000000000000
0000070000000000
0000000000000000
0000070000000000
0000000000000000
0200000000000000
0200260000000000
0200000000000000
0000000000000000
0200000000000000
0200210000000000
0200000000000000
0000000000000000
0000090000000000
0000000000000000
00000c0000000000
0000000000000000
00000f0000000000
0000000000000000
0000080000000000
0000000000000000
0200000000000000
0200060000000000
0200000000000000
0000000000000000
0000120000000000
0000000000000000
0000110000000000
0000000000000000
0000170000000000
0000000000000000
0000080000000000
0000000000000000
0000110000000000
0000000000000000
0000170000000000
0000000000000000
00001f0000000000
0000000000000000
0000360000000000
0000000000000000
00002c0000000000
0000000000000000
0200000000000000
0200340000000000
0200000000000000
0000000000000000
0000090000000000
0000000000000000
00000c0000000000
0000000000000000
00000f0000000000
0000000000000000
0000080000000000
0000000000000000
0200000000000000
0200340000000000
0200000000000000
0000000000000000
0000360000000000
0000000000000000
00002c0000000000
0000000000000000
0200000000000000
0200340000000000
0200000000000000
0000000000000000
0000160000000000
0000000000000000
00001c0000000000
0000000000000000
0000160000000000
0000000000000000
0000170000000000
0000000000000000
0000080000000000
0000000000000000
0000100000000000
0000000000000000
0200000000000000
0200340000000000
0200000000000000
0000000000000000
0200000000000000
0200270000000000
0200000000000000
0000000000000000
0000330000000000
0000000000000000
00002c0000000000
0000000000000000
0200000000000000
0200210000000000
0200000000000000
0000000000000000
0000060000000000
0000000000000000
00000f0000000000
0000000000000000
00000c0000000000
0000000000000000
0000080000000000
0000000000000000
0000110000000000
0000000000000000
0000170000000000
0000000000000000
0000370000000000
0000000000000000
0200000000000000
0200130000000000
0200000000000000
0000000000000000
0000120000000000
0000000000000000
0000160000000000
0000000000000000
0000170000000000
0000000000000000
0200000000000000
0200040000000000
0200000000000000
0000000000000000
0000160000000000
0000000000000000
00001c0000000000
0000000000000000
0000110000000000
0000000000000000
0000060000000000
0000000000000000
0200000000000000
0200260000000000
0200000000000000
0000000000000000
0200000000000000
0200210000000000
0200000000000000
0000000000000000
00001a0000000000
0000000000000000
0000080000000000
0000000000000000
0000050000000000
0000000000000000
00000b0000000000
0000000000000000
0000120000000000
0000000000000000
0000120000000000
0000000000000000
00000e0000000000
0000000000000000
0200000000000000
0200180000000000
0200000000000000
0000000000000000
0000150000000000
0000000000000000
00000f0000000000
0000000000000000
0000360000000000
0000000000000000
00002c0000000000
0000000000000000
0200000000000000
0200210000000000
0200000000000000
0000000000000000
0000060000000000
0000000000000000
0000120000000000
0000000000000000
0000110000000000
0000000000000000
0000170000000000
0000000000000000
0000080000000000
0000000000000000
0000110000000000
0000000000000000
0000170000000000
0000000000000000
00001f0000000000
0000000000000000
0200000000000000
0200270000000000
0200000000000000
0000000000000000
0000370000000000
0000000000000000
0200000000000000
0200150000000000
0200000000000000
0000000000000000
0000080000000000
0000000000000000
0000160000000000
0000000000000000
0000180000000000
0000000000000000
00000f0000000000
0000000000000000
0000170000000000
0000000000000000
0000330000000000
0000000000000000
00002c0000000000
0000000000000000
0200000000000000
0200210000000000
0200000000000000
0000000000000000
0000090000000000
0000000000000000
00000c0000000000
0000000000000000
00000f0000000000
0000000000000000
0000080000000000
0000000000000000
0200000000000000
0200160000000000
0200000000000000
0000000000000000
0000170000000000
0000000000000000
0000150000000000
0000000000000000
0000080000000000
0000000000000000
0000040000000000
0000000000000000
0000100000000000
0000000000000000
00001f0000000000
0000000000000000
0000370000000000
0000000000000000
0200000000000000
0200060000000000
0200000000000000
0000000000000000
00000f0000000000
0000000000000000
0000120000000000
0000000000000000
0000160000000000
0000000000000000
0000080000000000
0000000000000000
0200000000000000
0200260000000000
0200000000000000
0000000000000000
0200000000000000
0200270000000000
0200000000000000
0000000000000000
0000280000000000
0000000000000000
0800000000000000
0800070000000000
0800000000000000
0000000000000000
020000000002000000
020000ffff03000000
020000000001000000
020000000002000000
020000000001000000
020000ffff01000000
020000000002000000
020000ffff03000000
020000feff03000000
020000fcff06000000
020000fbff05000000
020000fbff06000000
020000fbff06000000
020000faff08000000
020000fcff07000000
020000ffff05000000
020000feff09000000
020000ffff05000000
020000feff09000000
020000ffff06000000
020000feff06000000
020000feff07000000
020000fbff0a000000
020000fdff07000000
020000fcff08000000
020000fcff08000000
020000fcff09000000
020000fcff08000000
020000fcff08000000
020000fcff07000000
020000feff04000000
020000fbff07000000
020000fbff07000000
020000faff06000000
020000fdff04000000
020000f7ff08000000
020000f7ff0a000000
020000fbff05000000
020000f6ff0b000000
020000f6ff0b000000
020000fbff06000000
020000f7ff0a000000
020000fcff05000000
020000f7ff08000000
020000fcff04000000
020000f6ff08000000
020000fbff04000000
020000f4ff0a000000
020000f4ff0b000000
020000f4ff0b000000
020000e8ff18000000
020000f4ff0c000000
020000faff06000000
020000f4ff0b000000
020000f4ff0b000000
020000ebff15000000
020000fbff05000000
020000f6ff0a000000
020000f5ff0a000000
020000f1ff12000000
020000f7ff0c000000
020000fcff06000000
020000f9ff0b000000
020000f9ff0d000000
020000fdff05000000
020000fdff04000000
020000fcff04000000
020000fbff06000000
020000f9ff09000000
020000faff09000000
020000faff0a000000
020000f9ff0a000000
020000faff09000000
020000fbff07000000
020000fcff07000000
020000feff03000000
020000feff05000000
020000feff05000000
020000000002000000
020000ffff05000000
020000000004000000
020000000003000000
020000000004000000
020000000002000000
020000000003000000
020000000001000000
020000010000000000
020000010000000000
020000040000000000
0200000300ffff0000
0200000600ffff0000
0200000500ffff0000
0200000400ffff0000
0200000400ffff0000
0200000200ffff0000
0200000200feff0000
0200000200feff0000
0200000100ffff0000
020000010000000000
0200000100ffff0000
020000010000000000
0200000200ffff0000
020000010000000000
0200000100ffff0000
020000020000000000
020000010000000000
0200000100ffff0000
020000010000000000
0200000000ffff0000
020000010000000000
020100000000000000
020100010000000000
020100010000000000
020100010000000000
020000000000000000
020000ffff00000000
020000ffff00000000
020000ffff00000000
020000ffff00000000
020000ffff00000000
020000ffff00000000
020000ffff00000000
020000000001000000
020000ffff00000000
020000ffff00000000
020000ffff00000000
020000010000000000
020000010000000000
020000010000000000
020100000000000000
020000000000000000
020100000000000000
020000000000000000
0200000000ffff0000
0200000000feff0000
020000fffffbff0000
0200000000f9ff0000
020000fffff6ff0000
0200000000f6ff0000
0200000100f4ff0000
0200000200f4ff0000
0200000400f2ff0000
0200000300f5ff0000
0200000600f0ff0000
0200000500f2ff0000
0200000500f2ff0000
0200000600f0ff0000
0200000400f6ff0000
0200000600f1ff0000
0200000400f6ff0000
0200000700f2ff0000
0200000400f6ff0000
0200000600f3ff0000
0200000500f8ff0000
0200000500f7ff0000
0200000600f9ff0000
0200000800f5ff0000
0200000700f9ff0000
0200000600faff0000
0200000600faff0000
0200000500fbff0000
0200000200fdff0000
0200000300faff0000
0200000300f9ff0000
0200000300f6ff0000
0200000600f3ff0000
0200000300f6ff0000
0200000300f2ff0000
0200000200f6ff0000
0200000300f7ff0000
0200000200f7ff0000
0200000200f8ff0000
0200000100f8ff0000
0200000000f1ff0000
020000fdffeaff0000
020000000001000000
020000020003000000
020000040005000000
020000050003000000
020000050003000000
020000040003000000
020000030001000000
020000010000000000
020000000001000000
020000ffff00000000
020000ffff00000000
020000ffffffff0000
020000feff00000000
020000fcfffeff0000
020000fbfffeff0000
020000fbfffcff0000
020000f8fffbff0000
020000f8fffaff0000
020000f5fff9ff0000
020000f3fff6ff0000
020000f1fff5ff0000
020000f0fff4ff0000
020000effff2ff0000
020000effff1ff0000
020000f0fff1ff0000
020000f0fff2ff0000
020000f1fff0ff0000
020000f2ffefff0000
020000f1ffedff0000
020000f2ffecff0000
020000efffe7ff0000
020000f2ffebff0000
020000f1ffe9ff0000
020000eeffe7ff0000
020000f4ffedff0000
020000f5ffeeff0000
020000f6fff1ff0000
020000f7fff1ff0000
020000f8fff0ff0000
020000fafff4ff0000
020000fbfff5ff0000
020000fbfff6ff0000
020000fbfff6ff0000
020000f8fff5ff0000
020000fafff6ff0000
020000f7fff4ff0000
020000fafff7ff0000
020000f7fff4ff0000
020000fafff9ff0000
020000fbfff8ff0000
020000fdfffbff0000
020000fefffbff0000
020000fefffcff0000
020000fffffdff0000
020000fefffdff0000
020000fefffdff0000
020000fdfffcff0000
020000fdfffdff0000
020000fbfffcff0000
020000fcfffeff0000
020000fcfffeff0000
020000fafffeff0000
020000f8fffeff0000
020000f9fffeff0000
020000f8ffffff0000
020000f6ffffff0000
020000f5ffffff0000
020000f4ffffff0000
020000f3ffffff0000
020000f3ffffff0000
020000faff00000000
020000f5ffffff0000
020000f5ffffff0000
020000faffffff0000
020000fcffffff0000
020000fdffffff0000
020000fdffffff0000
020000ffff00000000
020000fdffffff0000
020000fefffeff0000
020000fdffffff0000
020000fdfffeff0000
020000fbfffeff0000
020000fcfffdff0000
020000fcfffeff0000
020000fcfffeff0000
020000fefffeff0000
020000fefffeff0000
020000ffffffff0000
020000fffffeff0000
020000ffffffff0000
020000fffffeff0000
020000fefffeff0000
020000fefffeff0000
020000fdfffeff0000
020000ffffffff0000
020000fcfffdff0000
020000fcfffcff0000
020000fcfffdff0000
020000feffffff0000
020000fdfffdff0000
020000feffffff0000
020000ffffffff0000
020000ffffffff0000
020000ffffffff0000
020000feffffff0000
020000ffff00000000
020000fdfffeff0000
020000ffffffff0000
020000fcfffeff0000
020000fdffffff0000
020000fcfffeff0000
020000feffffff0000
020000fcfffeff0000
020000fdffffff0000
020000ffffffff0000
020000feff00000000
020000ffffffff0000
020000feff00000000
020000ffffffff0000
020000feff00000000
020000feffffff0000
020000feff00000000
020000feff00000000
020000ffffffff0000
020000ffff00000000
020000ffff00000000
020000ffffffff0000
020000ffff00000000
020100000000000000
020000000000000000
020000030001000000
020000010001000000
020000030002000000
020000040003000000
020000070004000000
020000060004000000
020000060004000000
020000060005000000
020000060005000000
020000060006000000
020000080007000000
020000090008000000
0200000c0008000000
0200000d0009000000
02000010000a000000
020000100009000000
02000011000a000000
020000120009000000
02000012000b000000
02000015000b000000
02000015000d000000